 # created by franck_proj6.f
 # TDSE
 # Time in First column, Sigma values in Second
 # t                      Width(Sigma)
   0.0000000             0.50000000    
  0.10000000             0.50500000    
  0.20000000             0.51999998    
  0.30000001             0.54500002    
  0.40000001             0.57999998    
  0.50000000             0.62500000    
  0.60000002             0.68000001    
  0.70000005             0.74500000    
  0.80000007             0.82000005    
  0.90000010             0.90500009    
   1.0000001              1.0000001    
   1.1000001              1.1050001    
   1.2000002              1.2200003    
   1.3000002              1.3450003    
   1.4000002              1.4800003    
   1.5000002              1.6250004    
   1.6000003              1.7800004    
   1.7000003              1.9450005    
   1.8000003              2.1200006    
   1.9000003              2.3050008    
   2.0000002              2.5000005    
   2.1000001              2.7050004    
   2.2000000              2.9200001    
   2.3000000              3.1450000    
   2.3999999              3.3799996    
   2.4999998              3.6249995    
   2.5999997              3.8799992    
   2.6999996              4.1449986    
   2.7999995              4.4199986    
   2.8999994              4.7049980    
   2.9999993              4.9999981    
   3.0999992              5.3049974    
   3.1999991              5.6199970    
   3.2999990              5.9449968    
   3.3999989              6.2799964    
   3.4999988              6.6249957    
   3.5999987              6.9799953    
   3.6999986              7.3449950    
   3.7999985              7.7199945    
   3.8999984              8.1049938    
   3.9999983              8.4999933    
   4.0999985              8.9049940    
   4.1999984              9.3199930    
   4.2999983              9.7449923    
   4.3999982              10.179992    
   4.4999981              10.624991    
   4.5999980              11.079990    
   4.6999979              11.544991    
   4.7999978              12.019989    
   4.8999977              12.504989    
   4.9999976              12.999989    
