 # created by franck_proj6.f
 # TDSE
 # Time in First column, Expectation in Second
 # t                      <X>
   0.0000000             0.50000012    
  0.10000000             0.49997404    
  0.20000000             0.49989825    
  0.30000001             0.49977249    
  0.40000001             0.49959671    
  0.50000000             0.49937135    
  0.60000002             0.49909607    
  0.70000005             0.49877095    
  0.80000007             0.49839583    
  0.90000010             0.49797079    
   1.0000001             0.49749526    
   1.1000001             0.49696770    
   1.2000002             0.49638632    
   1.3000002             0.49574664    
   1.4000002             0.49504086    
   1.5000002             0.49425730    
   1.6000003             0.49337909    
   1.7000003             0.49238279    
   1.8000003             0.49123865    
   1.9000003             0.48991239    
   2.0000002             0.48836431    
   2.1000001             0.48655543    
   2.2000000             0.48444429    
   2.3000000             0.48199430    
   2.3999999             0.47917151    
   2.4999998             0.47595021    
   2.5999997             0.47230998    
   2.6999996             0.46823806    
   2.7999995             0.46372983    
   2.8999994             0.45878562    
   2.9999993             0.45341352    
   3.0999992             0.44762623    
   3.1999991             0.44144037    
   3.2999990             0.43487659    
   3.3999989             0.42795858    
   3.4999988             0.42070976    
   3.5999987             0.41315711    
   3.6999986             0.40532663    
   3.7999985             0.39724547    
   3.8999984             0.38894001    
   3.9999983             0.38043764    
   4.0999985             0.37176546    
   4.1999984             0.36294916    
   4.2999983             0.35401389    
   4.3999982             0.34498200    
   4.4999981             0.33587146    
   4.5999980             0.32669351    
   4.6999979             0.31745249    
   4.7999978             0.30814448    
   4.8999977             0.29876414    
   4.9999976             0.28930241    
