 # created by franck_proj6.f
 # TDSE
 # Time in First column, Expectation in Second
 # t                      <X>
   0.0000000             0.10000005    
  0.10000000             9.99939963E-02
  0.20000000             9.99779031E-02
  0.30000001             9.99518856E-02
  0.40000001             9.99158546E-02
  0.50000000             9.98696983E-02
  0.60000002             9.98136178E-02
  0.70000005             9.97474641E-02
  0.80000007             9.96713564E-02
  0.90000010             9.95851532E-02
   1.0000001             9.94889140E-02
   1.1000001             9.93825346E-02
   1.2000002             9.92656574E-02
   1.3000002             9.91376117E-02
   1.4000002             9.89973992E-02
   1.5000002             9.88429710E-02
   1.6000003             9.86713469E-02
   1.7000003             9.84782130E-02
   1.8000003             9.82580706E-02
   1.9000003             9.80041400E-02
   2.0000002             9.77083743E-02
   2.1000001             9.73625258E-02
   2.2000000             9.69581306E-02
   2.3000000             9.64873508E-02
   2.3999999             9.59428102E-02
   2.4999998             9.53189358E-02
   2.5999997             9.46111083E-02
   2.6999996             9.38159972E-02
   2.7999995             9.29329172E-02
   2.8999994             9.19613093E-02
   2.9999993             9.09023434E-02
   3.0999992             8.97595733E-02
   3.1999991             8.85345414E-02
   3.2999990             8.72332677E-02
   3.3999989             8.58592093E-02
   3.4999988             8.44182000E-02
   3.5999987             8.29146653E-02
   3.6999986             8.13537389E-02
   3.7999985             7.97410831E-02
   3.8999984             7.80818611E-02
   3.9999983             7.63821155E-02
   4.0999985             7.46463165E-02
   4.1999984             7.28826001E-02
   4.2999983             7.10972697E-02
   4.3999982             6.92970902E-02
   4.4999981             6.74867183E-02
   4.5999980             6.56691268E-02
   4.6999979             6.38444126E-02
   4.7999978             6.20059147E-02
   4.8999977             6.01472482E-02
   4.9999976             5.82588539E-02
