 # created by franck_proj6.f
 # TDSE
 # Time in First column, Norm values in Second
 # t                      Norm
   0.0000000              3.1415925    
  0.10000000              3.1415913    
  0.20000000              3.1415915    
  0.30000001              3.1415913    
  0.40000001              3.1415915    
  0.50000000              3.1415915    
  0.60000002              3.1415927    
  0.70000005              3.1415944    
  0.80000007              3.1415961    
  0.90000010              3.1415982    
   1.0000001              3.1416001    
   1.1000001              3.1416035    
   1.2000002              3.1416066    
   1.3000002              3.1416075    
   1.4000002              3.1416111    
   1.5000002              3.1416128    
   1.6000003              3.1416144    
   1.7000003              3.1416154    
   1.8000003              3.1416173    
   1.9000003              3.1416175    
   2.0000002              3.1416199    
   2.1000001              3.1416192    
   2.2000000              3.1416187    
   2.3000000              3.1416180    
   2.3999999              3.1416185    
   2.4999998              3.1416171    
   2.5999997              3.1416159    
   2.6999996              3.1416147    
   2.7999995              3.1416118    
   2.8999994              3.1416101    
   2.9999993              3.1416075    
   3.0999992              3.1416049    
   3.1999991              3.1416020    
   3.2999990              3.1415994    
   3.3999989              3.1415944    
   3.4999988              3.1415906    
   3.5999987              3.1415868    
   3.6999986              3.1415818    
   3.7999985              3.1415763    
   3.8999984              3.1415710    
   3.9999983              3.1415668    
   4.0999985              3.1415610    
   4.1999984              3.1415560    
   4.2999983              3.1415508    
   4.3999982              3.1415451    
   4.4999981              3.1415408    
   4.5999980              3.1415355    
   4.6999979              3.1415310    
   4.7999978              3.1415274    
   4.8999977              3.1415224    
   4.9999976              3.1415179    
