 # created by franck_proj6.f
 # Expectation values for the Harmonic Oscillator
 # k =   9.99999978E-03                  Initial x =   0.10000000    
 # Time in First column, <x> values in Second
 # t                      QHOexpect
   0.0000000             0.10000000    
  0.10000000             9.99950022E-02
  0.20000000             9.99800041E-02
  0.30000001             9.99550074E-02
  0.40000001             9.99200121E-02
  0.50000000             9.98750255E-02
  0.60000002             9.98200551E-02
  0.70000005             9.97551009E-02
  0.80000007             9.96801779E-02
  0.90000010             9.95952711E-02
   1.0000001             9.95004177E-02
   1.1000001             9.93956104E-02
   1.2000002             9.92808640E-02
   1.3000002             9.91561934E-02
   1.4000002             9.90216061E-02
   1.5000002             9.88771096E-02
   1.6000003             9.87227261E-02
   1.7000003             9.85584781E-02
   1.8000003             9.83843729E-02
   1.9000003             9.82004255E-02
   2.0000002             9.80066583E-02
   2.1000001             9.78030935E-02
   2.2000000             9.75897461E-02
   2.3000000             9.73666385E-02
   2.3999999             9.71338004E-02
   2.4999998             9.68912467E-02
   2.5999997             9.66389999E-02
   2.6999996             9.63770971E-02
   2.7999995             9.61055458E-02
   2.8999994             9.58243906E-02
   2.9999993             9.55336541E-02
   3.0999992             9.52333584E-02
   3.1999991             9.49235484E-02
   3.2999990             9.46042389E-02
   3.3999989             9.42754671E-02
   3.4999988             9.39372778E-02
   3.5999987             9.35896859E-02
   3.6999986             9.32327434E-02
   3.7999985             9.28664729E-02
   3.8999984             9.24909115E-02
   3.9999983             9.21061039E-02
   4.0999985             9.17120874E-02
   4.1999984             9.13088992E-02
   4.2999983             9.08965841E-02
   4.3999982             9.04751718E-02
   4.4999981             9.00447220E-02
   4.5999980             8.96052644E-02
   4.6999979             8.91568363E-02
   4.7999978             8.86995047E-02
   4.8999977             8.82332996E-02
   4.9999976             8.77582654E-02
 # Probability Density written to probDensity.txt
