 # created by franck_proj6.f
 # Expectation values for the Harmonic Oscillator
 # k =   9.99999978E-03                  Initial x =   0.50000000    
 # Time in First column, <x> values in Second
 # t                      QHOexpect
   0.0000000             0.50000000    
  0.10000000             0.49997500    
  0.20000000             0.49990001    
  0.30000001             0.49977502    
  0.40000001             0.49960005    
  0.50000000             0.49937513    
  0.60000002             0.49910027    
  0.70000005             0.49877551    
  0.80000007             0.49840087    
  0.90000010             0.49797636    
   1.0000001             0.49750209    
   1.1000001             0.49697804    
   1.2000002             0.49640432    
   1.3000002             0.49578094    
   1.4000002             0.49510801    
   1.5000002             0.49438554    
   1.6000003             0.49361363    
   1.7000003             0.49279237    
   1.8000003             0.49192184    
   1.9000003             0.49100211    
   2.0000002             0.49003330    
   2.1000001             0.48901546    
   2.2000000             0.48794872    
   2.3000000             0.48683318    
   2.3999999             0.48566899    
   2.4999998             0.48445621    
   2.5999997             0.48319501    
   2.6999996             0.48188546    
   2.7999995             0.48052773    
   2.8999994             0.47912195    
   2.9999993             0.47766826    
   3.0999992             0.47616678    
   3.1999991             0.47461772    
   3.2999990             0.47302118    
   3.3999989             0.47137734    
   3.4999988             0.46968639    
   3.5999987             0.46794844    
   3.6999986             0.46616369    
   3.7999985             0.46433234    
   3.8999984             0.46245456    
   3.9999983             0.46053052    
   4.0999985             0.45856044    
   4.1999984             0.45654449    
   4.2999983             0.45448291    
   4.3999982             0.45237586    
   4.4999981             0.45022359    
   4.5999980             0.44802630    
   4.6999979             0.44578418    
   4.7999978             0.44349751    
   4.8999977             0.44116649    
   4.9999976             0.43879133    
 # Probability Density written to probDensity.txt
