 # created by franck_proj6.f
 # dt = 0.1
 # Time in First column, Sigma values in Second
 # t                      Width(Sigma)
   0.0000000             0.50000000    
  0.10000000             0.50495136    
  0.20000000             0.51980698    
  0.30000001             0.54456580    
  0.40000001             0.57922685    
  0.50000000             0.62379253    
  0.60000002             0.67825973    
  0.70000005             0.74262536    
  0.80000007             0.81688225    
  0.90000010             0.90101516    
   1.0000001             0.99499118    
   1.1000001              1.0987511    
   1.2000002              1.2121928    
   1.3000002              1.3351519    
   1.4000002              1.4673896    
   1.5000002              1.6085759    
   1.6000003              1.7582756    
   1.7000003              1.9159591    
   1.8000003              2.0809965    
   1.9000003              2.2526801    
   2.0000002              2.4302394    
   2.1000001              2.6128538    
   2.2000000              2.7996705    
   2.3000000              2.9898133    
   2.3999999              3.1824043    
   2.4999998              3.3765645    
   2.5999997              3.5714197    
   2.6999996              3.7661171    
   2.7999995              3.9598272    
   2.8999994              4.1517539    
   2.9999993              4.3411388    
   3.0999992              4.5272694    
   3.1999991              4.7094893    
   3.2999990              4.8871927    
   3.3999989              5.0598292    
   3.4999988              5.2269154    
   3.5999987              5.3880277    
   3.6999986              5.5428004    
   3.7999985              5.6909370    
   3.8999984              5.8322110    
   3.9999983              5.9664602    
   4.0999985              6.0936065    
   4.1999984              6.2136335    
   4.2999983              6.3265901    
   4.3999982              6.4325695    
   4.4999981              6.5316868    
   4.5999980              6.6240458    
   4.6999979              6.7097254    
   4.7999978              6.7887440    
   4.8999977              6.8610716    
   4.9999976              6.9266019    
