 # created by franck_proj6.f
 # dt = 0.5
 # Time in First column, Sigma values in Second
 # t                      Width(Sigma)
   0.0000000             0.50000000    
  0.50000000             0.61325908    
   1.0000000             0.95275211    
   1.5000000              1.5149031    
   2.0000000              2.2821195    
   2.5000000              3.2058210    
   3.0000000              4.2007103    
   3.5000000              5.1646051    
   4.0000000              6.0075750    
   4.5000000              6.6661940    
   5.0000000              7.1086984    
   5.5000000              7.3431191    
   6.0000000              7.4126897    
   6.5000000              7.3721952    
   7.0000000              7.2730074    
   7.5000000              7.1634665    
   8.0000000              7.0764141    
   8.5000000              7.0016174    
   9.0000000              6.8794956    
   9.5000000              6.6414351    
   10.000000              6.2727618    
   10.500000              5.8347507    
   11.000000              5.4131985    
   11.500000              5.0497990    
   12.000000              4.7344522    
   12.500000              4.4492626    
   13.000000              4.1945753    
   13.500000              3.9802518    
   14.000000              3.8219597    
   14.500000              3.7517722    
   15.000000              3.8124251    
   15.500000              4.0265517    
   16.000000              4.3669834    
   16.500000              4.7520700    
   17.000000              5.0705333    
   17.500000              5.2266645    
   18.000000              5.1834617    
   18.500000              4.9733868    
   19.000000              4.6672897    
   19.500000              4.3332477    
   20.000000              4.0225630    
   20.500000              3.7749267    
   21.000000              3.6131365    
   21.500000              3.5369096    
   22.000000              3.5422492    
   22.500000              3.6439948    
   23.000000              3.8588071    
   23.500000              4.1640000    
   24.000000              4.4892282    
   24.500000              4.7565341    
   25.000000              4.9258327    
