 # created by franck_proj6.f
 # dt = 0.2
 # Time in First column, Sigma values in Second
 # t                      Width(Sigma)
   0.0000000             0.50000000    
  0.20000000             0.51954889    
  0.40000001             0.57819688    
  0.60000002             0.67593694    
  0.80000001             0.81274724    
   1.0000000             0.98851514    
   1.2000000              1.2028730    
   1.4000001              1.4548753    
   1.6000001              1.7425494    
   1.8000002              2.0625172    
   2.0000002              2.4098856    
   2.2000003              2.7785408    
   2.4000003              3.1616786    
   2.6000004              3.5522978    
   2.8000004              3.9435019    
   3.0000005              4.3286729    
   3.2000005              4.7016506    
   3.4000006              5.0569940    
   3.6000006              5.3901978    
   3.8000007              5.6978226    
   4.0000005              5.9775200    
   4.2000003              6.2279711    
   4.4000001              6.4487820    
   4.5999999              6.6403103    
   4.7999997              6.8034177    
   4.9999995              6.9391131    
   5.1999993              7.0482044    
   5.3999991              7.1311779    
   5.5999990              7.1885862    
   5.7999988              7.2219214    
   5.9999986              7.2347074    
   6.1999984              7.2331681    
   6.3999982              7.2258153    
   6.5999980              7.2218866    
   6.7999978              7.2289939    
   6.9999976              7.2509842    
   7.1999974              7.2867227    
   7.3999972              7.3303885    
   7.5999970              7.3729630    
   7.7999969              7.4043193    
   7.9999967              7.4151659    
   8.1999969              7.3984809    
   8.3999968              7.3502245    
   8.5999966              7.2695327    
   8.7999964              7.1583419    
   8.9999962              7.0206995    
   9.1999960              6.8618159    
   9.3999958              6.6872320    
   9.5999956              6.5022960    
   9.7999954              6.3121357    
   9.9999952              6.1218510    
