 # created by franck_proj6.f
 # TDSE
 # Time in First column, Sigma values in Second
 # t                      Width(Sigma)
   0.0000000             0.50000000    
  0.10000000             0.50490212    
  0.20000000             0.51960605    
  0.30000001             0.54410607    
  0.40000001             0.57839227    
  0.50000000             0.62245119    
  0.60000002             0.67626494    
  0.70000005             0.73981243    
  0.80000007             0.81306779    
  0.90000010             0.89599967    
   1.0000001             0.98857087    
   1.1000001              1.0907331    
   1.2000002              1.2024232    
   1.3000002              1.3235533    
   1.4000002              1.4539987    
   1.5000002              1.5935829    
   1.6000003              1.7420604    
   1.7000003              1.8990985    
   1.8000003              2.0642633    
   1.9000003              2.2370129    
   2.0000002              2.4166882    
   2.1000001              2.6025205    
   2.2000000              2.7936375    
   2.3000000              2.9890831    
   2.3999999              3.1878326    
   2.4999998              3.3888230    
   2.5999997              3.5909677    
   2.6999996              3.7931852    
   2.7999995              3.9944210    
   2.8999994              4.1936588    
   2.9999993              4.3899479    
   3.0999992              4.5824022    
   3.1999991              4.7702169    
   3.2999990              4.9526749    
   3.3999989              5.1291456    
   3.4999988              5.2990847    
   3.5999987              5.4620304    
   3.6999986              5.6176124    
   3.7999985              5.7655349    
   3.8999984              5.9055638    
   3.9999983              6.0375319    
   4.0999985              6.1613374    
   4.1999984              6.2769351    
   4.2999983              6.3843555    
   4.3999982              6.4836936    
   4.4999981              6.5751348    
   4.5999980              6.6589270    
   4.6999979              6.7353745    
   4.7999978              6.8047953    
   4.8999977              6.8674898    
   4.9999976              6.9237022    
